{
 "cells": [
  {
   "cell_type": "markdown",
   "metadata": {},
   "source": [
    "### Оптимизация портфеля генетическим алгоритмом\n",
    "\n",
    "Здесь будет рассмотреть один из самых простых алгоритмов.\n",
    "\n",
    "Рекомендую изучить и применять для своей работы `алгоритм роя частиц` (узнать о нем на [Habr](https://habr.com/ru/post/105639/))\n",
    "\n",
    "Узнать больше о текущем походе:\n",
    "\n",
    "1. https://www.researchgate.net/publication/286952225_A_heuristic_crossover_for_portfolio_selection\n",
    "3. https://www.math.kth.se/matstat/seminarier/reports/M-exjobb12/121008.pdf"
   ]
  },
  {
   "cell_type": "markdown",
   "metadata": {},
   "source": [
    "Мы продолжаем рассматривать Портфельную теорию от Марковица (Modern Portfolio Theory (MPT) by Harry Markowitz).\n",
    "\n",
    "Сегодня мы погрузимся в задачи увеличения качества и скорости формирования портфеля. "
   ]
  },
  {
   "cell_type": "markdown",
   "metadata": {},
   "source": [
    "#### Разве это проблема?\n",
    "\n",
    "Конечно, чем больше акций, тем больше вариантов их формирования.\n",
    "\n",
    "Если мы будем минимизировать шаг в наборе (так, чтобы минимальный вклад в портфель бумагу был меньше 1%), то с увеличением количества акций, мы будем упираться в проблему \"ожидания формирования\", т.е. будем должго ждать).\n",
    "\n",
    "Почему? Потому, что мы стараемся перебрать все доступные варианты. Это можно рассчитать по формуле - `количество оригинальных сочитаний из набора`: факториал от кол-ва элементов всего / (факториал от (кол-во элементов всего - кол-во элементов в ожидаемом списке) * кол-во элементов в ожидаемом списке)\n",
    "\n",
    "N - кол-во элементов всего\n",
    "\n",
    "K - кол-во элементов в ожидаемом списке\n",
    "\n",
    "=> N! / (N-K)! * K1)\n",
    "\n"
   ]
  },
  {
   "cell_type": "code",
   "execution_count": 274,
   "metadata": {},
   "outputs": [
    {
     "name": "stdout",
     "output_type": "stream",
     "text": [
      "Из 500 вариантов позиций для 5 акций,при шаге в 1%, \n",
      "можно сформировать 255244687600 уникальных комбинаций\n"
     ]
    }
   ],
   "source": [
    "# пример\n",
    "\n",
    "from math import factorial\n",
    "\n",
    "# мы выбираем из 5 акций\n",
    "stock = 5\n",
    "\n",
    "# шаг выбор - 1% от акции (т.е. мы можем получить любой набор, где минимально будет 1% акции, а максимально 96%)\n",
    "# например - 1%, 1%, 1%, 1%, 96%\n",
    "step = 1\n",
    "\n",
    "# шагов по одной акции\n",
    "full_step = 100 / step\n",
    "# шагов по всем вариантам\n",
    "all_steps = int(full_step*stock)\n",
    "\n",
    "# реализуем расчет количества комбинаций\n",
    "# сколько комбинаций доступно, если у нас 100 вариантов на 1 акцию, а всего их 5\n",
    "n = all_steps\n",
    "k = stock\n",
    "\n",
    "combs = int(factorial(n) / (factorial(n-k) * factorial(k)))\n",
    "\n",
    "print('Из {} вариантов позиций для {} акций,при шаге в {}%, \\nможно сформировать {} уникальных комбинаций'.format(all_steps, \n",
    "                                                                                             stock,\n",
    "                                                                                             step,\n",
    "                                                                                             combs))"
   ]
  },
  {
   "cell_type": "markdown",
   "metadata": {},
   "source": [
    "### Методика\n",
    "\n",
    "1. Делаем расчет на 3, 6, 12, 24 и 36 месяцев по каждой акции\n",
    "3. Определяем **Ген**: % одной акции в списке из 5 акций\n",
    "4. Определяем **Хромосому**: список % из 5 акций. В сумме равно 1 (или 100%)\n",
    "5. **Стартовая популяция**: случайный набор хромосом\n",
    "6. **Функция обучения**\n",
    "**Коэф. Шарпа** - S - рассчитывается для **Функции обучения** из результатов `максимально возможного возврата и минимально возможного риска` (среднее по этим результатам за все время обучения:\n",
    "                \n",
    "S = (µ − r)/σ\n",
    "    \n",
    "µ - средний возможный возврат по портфелю \n",
    "r - безрисковое значение µ за этот же период\n",
    "σ - стандартное отклонение по портфелю\n",
    "\n",
    "\n",
    "7. Выбираем **Идеальную популярность**: выбираем по результату функции обучения. Лучшая та, которая больше возвращает с минимальным риском\n",
    "    \n",
    "8. **Мутации**: Перемешивание лучших генов от 0 до 5 вариантов\n",
    "\n",
    "9. **Пересечения** используется для изменение направления поиска и перемешивания результатов в генах. \n",
    "\n",
    "\n",
    "A = Лучший ген  + β ∗ ( Лучший ген − Худший ген)\n",
    "\n",
    "B = Худший ген - β ∗ ( Лучший ген − Худший ген)\n",
    "\n",
    "β случайное число от 0 до 1.\n",
    "\n",
    "10. **Следующее покаление**: результат мутации генов.\n",
    "    \n",
    "11. Процесс повторяется до нахождения лучшей комбинации\n"
   ]
  },
  {
   "cell_type": "markdown",
   "metadata": {},
   "source": [
    "#### Набор данных"
   ]
  },
  {
   "cell_type": "code",
   "execution_count": 275,
   "metadata": {},
   "outputs": [],
   "source": [
    "import numpy as np\n",
    "import pandas as pd\n",
    "from functools import reduce"
   ]
  },
  {
   "cell_type": "code",
   "execution_count": 64,
   "metadata": {},
   "outputs": [],
   "source": [
    "# все же лучше брать из yahoo\n",
    "import yfinance as yf"
   ]
  },
  {
   "cell_type": "code",
   "execution_count": 276,
   "metadata": {},
   "outputs": [
    {
     "data": {
      "text/plain": [
       "yfinance.Ticker object <VSCO>"
      ]
     },
     "execution_count": 276,
     "metadata": {},
     "output_type": "execute_result"
    }
   ],
   "source": [
    "yf.Ticker('VSCO')"
   ]
  },
  {
   "cell_type": "code",
   "execution_count": 277,
   "metadata": {},
   "outputs": [
    {
     "data": {
      "text/html": [
       "<div>\n",
       "<style scoped>\n",
       "    .dataframe tbody tr th:only-of-type {\n",
       "        vertical-align: middle;\n",
       "    }\n",
       "\n",
       "    .dataframe tbody tr th {\n",
       "        vertical-align: top;\n",
       "    }\n",
       "\n",
       "    .dataframe thead th {\n",
       "        text-align: right;\n",
       "    }\n",
       "</style>\n",
       "<table border=\"1\" class=\"dataframe\">\n",
       "  <thead>\n",
       "    <tr style=\"text-align: right;\">\n",
       "      <th></th>\n",
       "      <th>Open</th>\n",
       "      <th>High</th>\n",
       "      <th>Low</th>\n",
       "      <th>Close</th>\n",
       "      <th>Volume</th>\n",
       "      <th>Dividends</th>\n",
       "      <th>Stock Splits</th>\n",
       "    </tr>\n",
       "    <tr>\n",
       "      <th>Date</th>\n",
       "      <th></th>\n",
       "      <th></th>\n",
       "      <th></th>\n",
       "      <th></th>\n",
       "      <th></th>\n",
       "      <th></th>\n",
       "      <th></th>\n",
       "    </tr>\n",
       "  </thead>\n",
       "  <tbody>\n",
       "    <tr>\n",
       "      <th>2021-08-03</th>\n",
       "      <td>48.000000</td>\n",
       "      <td>63.740002</td>\n",
       "      <td>47.970001</td>\n",
       "      <td>58.230000</td>\n",
       "      <td>25163400</td>\n",
       "      <td>0</td>\n",
       "      <td>0</td>\n",
       "    </tr>\n",
       "    <tr>\n",
       "      <th>2021-08-04</th>\n",
       "      <td>61.439999</td>\n",
       "      <td>64.529999</td>\n",
       "      <td>57.500000</td>\n",
       "      <td>57.919998</td>\n",
       "      <td>5179300</td>\n",
       "      <td>0</td>\n",
       "      <td>0</td>\n",
       "    </tr>\n",
       "    <tr>\n",
       "      <th>2021-08-05</th>\n",
       "      <td>59.900002</td>\n",
       "      <td>62.939999</td>\n",
       "      <td>58.750000</td>\n",
       "      <td>58.770000</td>\n",
       "      <td>3749600</td>\n",
       "      <td>0</td>\n",
       "      <td>0</td>\n",
       "    </tr>\n",
       "    <tr>\n",
       "      <th>2021-08-06</th>\n",
       "      <td>59.000000</td>\n",
       "      <td>59.419998</td>\n",
       "      <td>56.500000</td>\n",
       "      <td>57.669998</td>\n",
       "      <td>4238800</td>\n",
       "      <td>0</td>\n",
       "      <td>0</td>\n",
       "    </tr>\n",
       "    <tr>\n",
       "      <th>2021-08-09</th>\n",
       "      <td>57.619999</td>\n",
       "      <td>75.430000</td>\n",
       "      <td>56.349998</td>\n",
       "      <td>69.239998</td>\n",
       "      <td>7722800</td>\n",
       "      <td>0</td>\n",
       "      <td>0</td>\n",
       "    </tr>\n",
       "    <tr>\n",
       "      <th>...</th>\n",
       "      <td>...</td>\n",
       "      <td>...</td>\n",
       "      <td>...</td>\n",
       "      <td>...</td>\n",
       "      <td>...</td>\n",
       "      <td>...</td>\n",
       "      <td>...</td>\n",
       "    </tr>\n",
       "    <tr>\n",
       "      <th>2021-12-13</th>\n",
       "      <td>50.500000</td>\n",
       "      <td>50.770000</td>\n",
       "      <td>49.400002</td>\n",
       "      <td>49.900002</td>\n",
       "      <td>1581000</td>\n",
       "      <td>0</td>\n",
       "      <td>0</td>\n",
       "    </tr>\n",
       "    <tr>\n",
       "      <th>2021-12-14</th>\n",
       "      <td>49.380001</td>\n",
       "      <td>50.540001</td>\n",
       "      <td>48.830002</td>\n",
       "      <td>49.980000</td>\n",
       "      <td>1017800</td>\n",
       "      <td>0</td>\n",
       "      <td>0</td>\n",
       "    </tr>\n",
       "    <tr>\n",
       "      <th>2021-12-15</th>\n",
       "      <td>50.220001</td>\n",
       "      <td>50.730000</td>\n",
       "      <td>47.380001</td>\n",
       "      <td>49.070000</td>\n",
       "      <td>1728300</td>\n",
       "      <td>0</td>\n",
       "      <td>0</td>\n",
       "    </tr>\n",
       "    <tr>\n",
       "      <th>2021-12-16</th>\n",
       "      <td>50.259998</td>\n",
       "      <td>50.830002</td>\n",
       "      <td>48.209999</td>\n",
       "      <td>49.060001</td>\n",
       "      <td>1613200</td>\n",
       "      <td>0</td>\n",
       "      <td>0</td>\n",
       "    </tr>\n",
       "    <tr>\n",
       "      <th>2021-12-17</th>\n",
       "      <td>48.770000</td>\n",
       "      <td>49.200001</td>\n",
       "      <td>47.720001</td>\n",
       "      <td>48.840000</td>\n",
       "      <td>237955</td>\n",
       "      <td>0</td>\n",
       "      <td>0</td>\n",
       "    </tr>\n",
       "  </tbody>\n",
       "</table>\n",
       "<p>97 rows × 7 columns</p>\n",
       "</div>"
      ],
      "text/plain": [
       "                 Open       High        Low      Close    Volume  Dividends  \\\n",
       "Date                                                                          \n",
       "2021-08-03  48.000000  63.740002  47.970001  58.230000  25163400          0   \n",
       "2021-08-04  61.439999  64.529999  57.500000  57.919998   5179300          0   \n",
       "2021-08-05  59.900002  62.939999  58.750000  58.770000   3749600          0   \n",
       "2021-08-06  59.000000  59.419998  56.500000  57.669998   4238800          0   \n",
       "2021-08-09  57.619999  75.430000  56.349998  69.239998   7722800          0   \n",
       "...               ...        ...        ...        ...       ...        ...   \n",
       "2021-12-13  50.500000  50.770000  49.400002  49.900002   1581000          0   \n",
       "2021-12-14  49.380001  50.540001  48.830002  49.980000   1017800          0   \n",
       "2021-12-15  50.220001  50.730000  47.380001  49.070000   1728300          0   \n",
       "2021-12-16  50.259998  50.830002  48.209999  49.060001   1613200          0   \n",
       "2021-12-17  48.770000  49.200001  47.720001  48.840000    237955          0   \n",
       "\n",
       "            Stock Splits  \n",
       "Date                      \n",
       "2021-08-03             0  \n",
       "2021-08-04             0  \n",
       "2021-08-05             0  \n",
       "2021-08-06             0  \n",
       "2021-08-09             0  \n",
       "...                  ...  \n",
       "2021-12-13             0  \n",
       "2021-12-14             0  \n",
       "2021-12-15             0  \n",
       "2021-12-16             0  \n",
       "2021-12-17             0  \n",
       "\n",
       "[97 rows x 7 columns]"
      ]
     },
     "execution_count": 277,
     "metadata": {},
     "output_type": "execute_result"
    }
   ],
   "source": [
    "yf.Ticker('VSCO').history(period=time_frame)"
   ]
  },
  {
   "cell_type": "code",
   "execution_count": 17,
   "metadata": {},
   "outputs": [
    {
     "data": {
      "text/plain": [
       "Date\n",
       "2021-08-03         NaN\n",
       "2021-08-04   -0.005324\n",
       "2021-08-05    0.014675\n",
       "2021-08-06   -0.018717\n",
       "2021-08-09    0.200624\n",
       "                ...   \n",
       "2021-12-10   -0.023162\n",
       "2021-12-13   -0.014029\n",
       "2021-12-14    0.001603\n",
       "2021-12-15   -0.018207\n",
       "2021-12-16   -0.000204\n",
       "Name: Close, Length: 96, dtype: float64"
      ]
     },
     "execution_count": 17,
     "metadata": {},
     "output_type": "execute_result"
    }
   ],
   "source": [
    "yf.Ticker('VSCO').history(period=time_frame)['Close'].pct_change()"
   ]
  },
  {
   "cell_type": "code",
   "execution_count": 278,
   "metadata": {},
   "outputs": [],
   "source": [
    "stock_analysis = ['BABA', 'RHM.DE', 'NVDA', 'AFLT.ME', 'MOEX.ME']\n",
    "n_stock = len(stock_analysis)\n",
    "basis = np.eye(len(stock_analysis))\n",
    "time_frame = '3y'"
   ]
  },
  {
   "cell_type": "code",
   "execution_count": 279,
   "metadata": {},
   "outputs": [],
   "source": [
    "tickers = {stock: yf.Ticker(stock) for stock in stock_analysis}"
   ]
  },
  {
   "cell_type": "code",
   "execution_count": 363,
   "metadata": {},
   "outputs": [
    {
     "data": {
      "text/html": [
       "<div>\n",
       "<style scoped>\n",
       "    .dataframe tbody tr th:only-of-type {\n",
       "        vertical-align: middle;\n",
       "    }\n",
       "\n",
       "    .dataframe tbody tr th {\n",
       "        vertical-align: top;\n",
       "    }\n",
       "\n",
       "    .dataframe thead th {\n",
       "        text-align: right;\n",
       "    }\n",
       "</style>\n",
       "<table border=\"1\" class=\"dataframe\">\n",
       "  <thead>\n",
       "    <tr style=\"text-align: right;\">\n",
       "      <th></th>\n",
       "      <th>BABA</th>\n",
       "      <th>RHM.DE</th>\n",
       "      <th>NVDA</th>\n",
       "      <th>AFLT.ME</th>\n",
       "      <th>MOEX.ME</th>\n",
       "    </tr>\n",
       "    <tr>\n",
       "      <th>Date</th>\n",
       "      <th></th>\n",
       "      <th></th>\n",
       "      <th></th>\n",
       "      <th></th>\n",
       "      <th></th>\n",
       "    </tr>\n",
       "  </thead>\n",
       "  <tbody>\n",
       "    <tr>\n",
       "      <th>2018-12-17</th>\n",
       "      <td>NaN</td>\n",
       "      <td>NaN</td>\n",
       "      <td>NaN</td>\n",
       "      <td>NaN</td>\n",
       "      <td>NaN</td>\n",
       "    </tr>\n",
       "    <tr>\n",
       "      <th>2018-12-18</th>\n",
       "      <td>-0.021947</td>\n",
       "      <td>0.012984</td>\n",
       "      <td>0.023402</td>\n",
       "      <td>0.005542</td>\n",
       "      <td>-0.002020</td>\n",
       "    </tr>\n",
       "    <tr>\n",
       "      <th>2018-12-19</th>\n",
       "      <td>-0.026133</td>\n",
       "      <td>-0.005896</td>\n",
       "      <td>-0.057370</td>\n",
       "      <td>0.003937</td>\n",
       "      <td>0.005952</td>\n",
       "    </tr>\n",
       "    <tr>\n",
       "      <th>2018-12-20</th>\n",
       "      <td>-0.014802</td>\n",
       "      <td>-0.011088</td>\n",
       "      <td>-0.024619</td>\n",
       "      <td>0.000196</td>\n",
       "      <td>-0.012071</td>\n",
       "    </tr>\n",
       "    <tr>\n",
       "      <th>2018-12-21</th>\n",
       "      <td>-0.023018</td>\n",
       "      <td>0.010170</td>\n",
       "      <td>-0.040933</td>\n",
       "      <td>0.001764</td>\n",
       "      <td>-0.002156</td>\n",
       "    </tr>\n",
       "  </tbody>\n",
       "</table>\n",
       "</div>"
      ],
      "text/plain": [
       "                BABA    RHM.DE      NVDA   AFLT.ME   MOEX.ME\n",
       "Date                                                        \n",
       "2018-12-17       NaN       NaN       NaN       NaN       NaN\n",
       "2018-12-18 -0.021947  0.012984  0.023402  0.005542 -0.002020\n",
       "2018-12-19 -0.026133 -0.005896 -0.057370  0.003937  0.005952\n",
       "2018-12-20 -0.014802 -0.011088 -0.024619  0.000196 -0.012071\n",
       "2018-12-21 -0.023018  0.010170 -0.040933  0.001764 -0.002156"
      ]
     },
     "execution_count": 363,
     "metadata": {},
     "output_type": "execute_result"
    }
   ],
   "source": [
    "data = pd.DataFrame({stock: tickers[stock].history(period=time_frame)['Close'].pct_change() for stock in stock_analysis})\n",
    "data.head()"
   ]
  },
  {
   "cell_type": "markdown",
   "metadata": {},
   "source": [
    "###  Делаем расчет на 3, 6, 12, 24 и 36 месяцев по каждой акции\n",
    "\n"
   ]
  },
  {
   "cell_type": "code",
   "execution_count": 330,
   "metadata": {},
   "outputs": [],
   "source": [
    "def hist_return(months, data):\n",
    "    ''' \n",
    "        Input: Номера месяцев.\n",
    "               Pandas Data Frame\n",
    "        Output: Расчет за переданные месяцы\n",
    "    '''\n",
    "    idx=[]\n",
    "    df=pd.DataFrame()\n",
    "    \n",
    "    # агрегат по месяцу\n",
    "    tmp = data.groupby([pd.Grouper(freq='M')]).sum()\n",
    "    \n",
    "\n",
    "    for mon in months:\n",
    "        \n",
    "        # какая формула была бы правильная?\n",
    "        \n",
    "        # temp=(tmp.iloc[-mon,:] - tmp.iloc[-1,:] )/(tmp.iloc[-mon,:])\n",
    "        \n",
    "        temp=(tmp.iloc[0,:] - tmp.iloc[mon,:])/(tmp.iloc[mon,:])\n",
    "        \n",
    "        \n",
    "        idx.append(str(mon)+'_mon_return')\n",
    "        df=pd.concat([df, temp.to_frame().T], ignore_index=True)\n",
    "    df.index=idx\n",
    "    \n",
    "    return df    "
   ]
  },
  {
   "cell_type": "code",
   "execution_count": 364,
   "metadata": {},
   "outputs": [
    {
     "data": {
      "text/html": [
       "<div>\n",
       "<style scoped>\n",
       "    .dataframe tbody tr th:only-of-type {\n",
       "        vertical-align: middle;\n",
       "    }\n",
       "\n",
       "    .dataframe tbody tr th {\n",
       "        vertical-align: top;\n",
       "    }\n",
       "\n",
       "    .dataframe thead th {\n",
       "        text-align: right;\n",
       "    }\n",
       "</style>\n",
       "<table border=\"1\" class=\"dataframe\">\n",
       "  <thead>\n",
       "    <tr style=\"text-align: right;\">\n",
       "      <th></th>\n",
       "      <th>BABA</th>\n",
       "      <th>RHM.DE</th>\n",
       "      <th>NVDA</th>\n",
       "      <th>AFLT.ME</th>\n",
       "      <th>MOEX.ME</th>\n",
       "    </tr>\n",
       "    <tr>\n",
       "      <th>Date</th>\n",
       "      <th></th>\n",
       "      <th></th>\n",
       "      <th></th>\n",
       "      <th></th>\n",
       "      <th></th>\n",
       "    </tr>\n",
       "  </thead>\n",
       "  <tbody>\n",
       "    <tr>\n",
       "      <th>2018-12-18</th>\n",
       "      <td>-0.021947</td>\n",
       "      <td>0.012984</td>\n",
       "      <td>0.023402</td>\n",
       "      <td>0.005542</td>\n",
       "      <td>-0.002020</td>\n",
       "    </tr>\n",
       "    <tr>\n",
       "      <th>2018-12-19</th>\n",
       "      <td>-0.026133</td>\n",
       "      <td>-0.005896</td>\n",
       "      <td>-0.057370</td>\n",
       "      <td>0.003937</td>\n",
       "      <td>0.005952</td>\n",
       "    </tr>\n",
       "    <tr>\n",
       "      <th>2018-12-20</th>\n",
       "      <td>-0.014802</td>\n",
       "      <td>-0.011088</td>\n",
       "      <td>-0.024619</td>\n",
       "      <td>0.000196</td>\n",
       "      <td>-0.012071</td>\n",
       "    </tr>\n",
       "    <tr>\n",
       "      <th>2018-12-21</th>\n",
       "      <td>-0.023018</td>\n",
       "      <td>0.010170</td>\n",
       "      <td>-0.040933</td>\n",
       "      <td>0.001764</td>\n",
       "      <td>-0.002156</td>\n",
       "    </tr>\n",
       "    <tr>\n",
       "      <th>2018-12-27</th>\n",
       "      <td>0.003261</td>\n",
       "      <td>-0.002065</td>\n",
       "      <td>-0.014500</td>\n",
       "      <td>-0.005148</td>\n",
       "      <td>-0.003198</td>\n",
       "    </tr>\n",
       "    <tr>\n",
       "      <th>...</th>\n",
       "      <td>...</td>\n",
       "      <td>...</td>\n",
       "      <td>...</td>\n",
       "      <td>...</td>\n",
       "      <td>...</td>\n",
       "    </tr>\n",
       "    <tr>\n",
       "      <th>2021-12-13</th>\n",
       "      <td>-0.022549</td>\n",
       "      <td>-0.013461</td>\n",
       "      <td>-0.067455</td>\n",
       "      <td>-0.017673</td>\n",
       "      <td>-0.016430</td>\n",
       "    </tr>\n",
       "    <tr>\n",
       "      <th>2021-12-14</th>\n",
       "      <td>0.035504</td>\n",
       "      <td>0.007938</td>\n",
       "      <td>0.006250</td>\n",
       "      <td>0.002037</td>\n",
       "      <td>-0.016972</td>\n",
       "    </tr>\n",
       "    <tr>\n",
       "      <th>2021-12-15</th>\n",
       "      <td>-0.032470</td>\n",
       "      <td>-0.007138</td>\n",
       "      <td>0.074884</td>\n",
       "      <td>-0.002710</td>\n",
       "      <td>-0.012235</td>\n",
       "    </tr>\n",
       "    <tr>\n",
       "      <th>2021-12-16</th>\n",
       "      <td>-0.018127</td>\n",
       "      <td>0.009420</td>\n",
       "      <td>-0.068026</td>\n",
       "      <td>0.025136</td>\n",
       "      <td>0.018373</td>\n",
       "    </tr>\n",
       "    <tr>\n",
       "      <th>2021-12-17</th>\n",
       "      <td>0.018046</td>\n",
       "      <td>-0.002456</td>\n",
       "      <td>0.009794</td>\n",
       "      <td>-0.010272</td>\n",
       "      <td>-0.005811</td>\n",
       "    </tr>\n",
       "  </tbody>\n",
       "</table>\n",
       "<p>720 rows × 5 columns</p>\n",
       "</div>"
      ],
      "text/plain": [
       "                BABA    RHM.DE      NVDA   AFLT.ME   MOEX.ME\n",
       "Date                                                        \n",
       "2018-12-18 -0.021947  0.012984  0.023402  0.005542 -0.002020\n",
       "2018-12-19 -0.026133 -0.005896 -0.057370  0.003937  0.005952\n",
       "2018-12-20 -0.014802 -0.011088 -0.024619  0.000196 -0.012071\n",
       "2018-12-21 -0.023018  0.010170 -0.040933  0.001764 -0.002156\n",
       "2018-12-27  0.003261 -0.002065 -0.014500 -0.005148 -0.003198\n",
       "...              ...       ...       ...       ...       ...\n",
       "2021-12-13 -0.022549 -0.013461 -0.067455 -0.017673 -0.016430\n",
       "2021-12-14  0.035504  0.007938  0.006250  0.002037 -0.016972\n",
       "2021-12-15 -0.032470 -0.007138  0.074884 -0.002710 -0.012235\n",
       "2021-12-16 -0.018127  0.009420 -0.068026  0.025136  0.018373\n",
       "2021-12-17  0.018046 -0.002456  0.009794 -0.010272 -0.005811\n",
       "\n",
       "[720 rows x 5 columns]"
      ]
     },
     "execution_count": 364,
     "metadata": {},
     "output_type": "execute_result"
    }
   ],
   "source": [
    "hist_stock_returns= data.dropna()#hist_return([3,6, 12, 24, 36], data).replace([-np.inf, np.inf], 0)\n",
    "hist_stock_returns"
   ]
  },
  {
   "cell_type": "markdown",
   "metadata": {},
   "source": [
    "### Определяем **Ген**"
   ]
  },
  {
   "cell_type": "code",
   "execution_count": 365,
   "metadata": {},
   "outputs": [
    {
     "data": {
      "text/plain": [
       "0.5182219914552796"
      ]
     },
     "execution_count": 365,
     "metadata": {},
     "output_type": "execute_result"
    }
   ],
   "source": [
    "gene = np.random.rand()\n",
    "gene"
   ]
  },
  {
   "cell_type": "code",
   "execution_count": 366,
   "metadata": {},
   "outputs": [],
   "source": [
    "import time\n",
    "\n",
    "def gen_mc_grid(rows, cols, n, N):\n",
    "    \"\"\"\n",
    "    Методом Монте-Карло создаем сетку с параметрами\n",
    "    \"\"\"\n",
    "    np.random.seed(seed=28)  # seed\n",
    "    \n",
    "    # создаем строки и колонки    \n",
    "    layouts = np.zeros((n, rows * cols), dtype=np.int32)  \n",
    "    \n",
    "    # стартовая позиция по X/Y\n",
    "    positionX = np.random.randint(0, cols, size=(N * n * 2))\n",
    "    positionY = np.random.randint(0, rows, size=(N * n * 2))\n",
    "    ind_rows = 0  \n",
    "    ind_pos = 0  \n",
    "    \n",
    "    while ind_rows < n:\n",
    "        layouts[ind_rows, positionX[ind_pos] + positionY[ind_pos] * cols] = 1\n",
    "        if np.sum(layouts[ind_rows, :]) == N:\n",
    "            ind_rows += 1\n",
    "        ind_pos += 1\n",
    "        if ind_pos >= N * n * 2:\n",
    "            print(\"Not enough positions\")\n",
    "            break\n",
    "    return layouts\n",
    "\n",
    "\n",
    "def gen_mc_grid_with_NA_loc(rows, cols, n, N,NA_loc):\n",
    "    \"\"\"\n",
    "    Методом Монте-Карло создаем сетку с параметрами\n",
    "    \"\"\"\n",
    "    \n",
    "    np.random.seed(seed=28)  # seed\n",
    "    \n",
    "    # повторение, но уже с NA\n",
    "    layouts = np.zeros((n, rows * cols), dtype=np.int32) \n",
    "    layouts_NA= np.zeros((n, rows * cols), dtype=np.int32)\n",
    "    \n",
    "    for i in NA_loc:\n",
    "        layouts_NA[:,i-1]=2\n",
    "\n",
    "    # стартовая позиция по X/Y\n",
    "    positionX = np.random.randint(0, cols, size=(N * n * 2))\n",
    "    positionY = np.random.randint(0, rows, size=(N * n * 2))\n",
    "    ind_rows = 0 \n",
    "    ind_pos = 0  \n",
    "    N_count=0\n",
    "    \n",
    "    while ind_rows < n:\n",
    "        cur_state=layouts_NA[ind_rows, positionX[ind_pos] + positionY[ind_pos] * cols]\n",
    "        if cur_state!=1 and cur_state!=2:\n",
    "            layouts[ind_rows, positionX[ind_pos] + positionY[ind_pos] * cols]=1\n",
    "            layouts_NA[ind_rows, positionX[ind_pos] + positionY[ind_pos] * cols] = 1\n",
    "            N_count+=1\n",
    "            if np.sum(layouts[ind_rows, :]) == N:\n",
    "                ind_rows += 1\n",
    "                N_count=0\n",
    "        ind_pos += 1\n",
    "        if ind_pos >= N * n * 2:\n",
    "            print(\"Not enough positions\")\n",
    "            break\n",
    "    return layouts,layouts_NA"
   ]
  },
  {
   "cell_type": "code",
   "execution_count": 367,
   "metadata": {},
   "outputs": [
    {
     "name": "stdout",
     "output_type": "stream",
     "text": [
      "Not enough positions\n",
      "Not enough positions\n"
     ]
    },
    {
     "data": {
      "text/plain": [
       "(array([[0, 0, 0, ..., 1, 1, 0],\n",
       "        [0, 0, 0, ..., 0, 0, 0],\n",
       "        [0, 0, 0, ..., 0, 0, 0],\n",
       "        ...,\n",
       "        [0, 0, 0, ..., 0, 0, 0],\n",
       "        [0, 0, 0, ..., 0, 0, 0],\n",
       "        [0, 0, 0, ..., 0, 0, 0]]),\n",
       " array([[2, 2, 2, ..., 1, 1, 2],\n",
       "        [2, 2, 2, ..., 0, 0, 2],\n",
       "        [2, 2, 2, ..., 0, 0, 2],\n",
       "        ...,\n",
       "        [2, 2, 2, ..., 0, 0, 2],\n",
       "        [2, 2, 2, ..., 0, 0, 2],\n",
       "        [2, 2, 2, ..., 0, 0, 2]]))"
      ]
     },
     "execution_count": 367,
     "metadata": {},
     "output_type": "execute_result"
    }
   ],
   "source": [
    "gen_mc_grid(5, 5, 100, 50)\n",
    "gen_mc_grid_with_NA_loc(5, 5, 100, 50,range(10))"
   ]
  },
  {
   "cell_type": "markdown",
   "metadata": {},
   "source": [
    "### Определяем **Хромосому**:"
   ]
  },
  {
   "cell_type": "code",
   "execution_count": 368,
   "metadata": {},
   "outputs": [],
   "source": [
    "def chromosome(n):\n",
    "    ''' Рандомный набор из позиций, но в сумме 1'''\n",
    "    ch = np.random.rand(n)\n",
    "    return ch/sum(ch)"
   ]
  },
  {
   "cell_type": "code",
   "execution_count": 369,
   "metadata": {},
   "outputs": [
    {
     "name": "stdout",
     "output_type": "stream",
     "text": [
      "[0.19073989 0.3446973  0.31615295 0.13751315 0.0108967 ] 0.9999999999999999\n"
     ]
    }
   ],
   "source": [
    "child=chromosome(5)\n",
    "print(child,sum(child))"
   ]
  },
  {
   "cell_type": "markdown",
   "metadata": {},
   "source": [
    "### **Стартовая популяция**: \n"
   ]
  },
  {
   "cell_type": "code",
   "execution_count": 370,
   "metadata": {},
   "outputs": [
    {
     "name": "stdout",
     "output_type": "stream",
     "text": [
      "(100, 5)\n",
      "[[3.79144094e-01 2.92334623e-02 2.14760167e-02 3.77286657e-01\n",
      "  1.92859770e-01]\n",
      " [2.14026325e-01 1.77679162e-01 2.71598987e-01 3.04160421e-01\n",
      "  3.25351056e-02]\n",
      " [2.32179992e-01 2.96786556e-01 3.03116422e-01 8.69199458e-02\n",
      "  8.09970832e-02]\n",
      " [8.83780243e-02 3.35638154e-01 3.10406720e-01 1.42191582e-01\n",
      "  1.23385520e-01]\n",
      " [1.77268184e-01 3.34878692e-01 1.11872379e-01 1.26058188e-01\n",
      "  2.49922557e-01]\n",
      " [2.61259093e-01 1.55920172e-01 2.73688611e-01 2.78815337e-01\n",
      "  3.03167864e-02]\n",
      " [3.09053194e-01 2.50878542e-01 2.22240316e-01 1.94821881e-01\n",
      "  2.30060675e-02]\n",
      " [4.08981006e-02 2.14668271e-01 2.86389480e-01 1.84929829e-01\n",
      "  2.73114320e-01]\n",
      " [6.93125007e-02 2.61070014e-01 2.48803367e-01 2.69120634e-01\n",
      "  1.51693484e-01]\n",
      " [2.09866308e-01 2.24299843e-01 1.95586718e-01 1.59521503e-01\n",
      "  2.10725628e-01]\n",
      " [1.31019996e-01 4.66864531e-01 1.53678912e-01 4.84918131e-04\n",
      "  2.47951643e-01]\n",
      " [2.56278583e-01 2.06204079e-01 1.82596358e-01 8.89242943e-02\n",
      "  2.65996686e-01]\n",
      " [6.86175533e-02 2.36663285e-01 2.21680208e-01 2.00036514e-01\n",
      "  2.73002439e-01]\n",
      " [2.32914902e-01 2.37841299e-01 1.75224224e-01 9.34543830e-02\n",
      "  2.60565193e-01]\n",
      " [3.29500536e-01 1.96021721e-01 2.11779420e-01 2.27453635e-01\n",
      "  3.52446887e-02]\n",
      " [2.22492665e-01 3.29846832e-01 2.19277640e-01 6.65943276e-02\n",
      "  1.61788536e-01]\n",
      " [2.27260461e-01 2.60749184e-01 8.28611827e-02 2.02867382e-01\n",
      "  2.26261791e-01]\n",
      " [2.68018332e-01 1.48268499e-01 2.49696844e-01 1.85608376e-01\n",
      "  1.48407949e-01]\n",
      " [1.45313851e-01 4.65336953e-01 2.17142174e-01 3.97458959e-02\n",
      "  1.32461126e-01]\n",
      " [2.47898603e-01 1.68794501e-01 2.93615649e-01 1.68353535e-01\n",
      "  1.21337714e-01]\n",
      " [1.33605309e-01 1.96455853e-01 2.53314790e-01 1.55548131e-01\n",
      "  2.61075917e-01]\n",
      " [4.35831242e-01 1.72456763e-01 2.45476052e-02 3.45864642e-01\n",
      "  2.12997480e-02]\n",
      " [2.62900860e-01 3.41654394e-01 5.31153070e-03 3.26803567e-02\n",
      "  3.57452859e-01]\n",
      " [2.54169225e-01 2.64515736e-01 2.31814124e-01 5.60627274e-02\n",
      "  1.93438187e-01]\n",
      " [2.32070706e-01 3.70583780e-03 8.74959489e-02 3.44639549e-01\n",
      "  3.32087958e-01]\n",
      " [3.28905749e-01 1.39487715e-01 2.08393655e-01 2.83021610e-01\n",
      "  4.01912707e-02]\n",
      " [5.17636528e-01 3.22861158e-01 1.91546347e-02 4.63731677e-02\n",
      "  9.39745115e-02]\n",
      " [1.49524328e-01 1.51663170e-01 5.87352401e-02 2.69437424e-01\n",
      "  3.70639837e-01]\n",
      " [9.71072085e-02 2.56653463e-01 1.28806853e-01 4.11785286e-02\n",
      "  4.76253947e-01]\n",
      " [6.43910821e-02 1.19587785e-01 2.02093060e-01 4.74778366e-01\n",
      "  1.39149706e-01]\n",
      " [1.53177093e-01 4.48342165e-01 2.96702880e-01 2.17830892e-02\n",
      "  7.99947727e-02]\n",
      " [2.28121995e-01 2.19398982e-01 1.91616596e-01 1.32656335e-01\n",
      "  2.28206093e-01]\n",
      " [1.05360360e-01 2.76298397e-01 1.98738740e-01 1.16510915e-01\n",
      "  3.03091587e-01]\n",
      " [1.24615441e-01 6.11757494e-02 2.72362515e-01 2.22749780e-01\n",
      "  3.19096515e-01]\n",
      " [3.38157127e-01 1.81493718e-01 2.02016304e-01 7.48636468e-02\n",
      "  2.03469204e-01]\n",
      " [3.10556647e-01 1.09225420e-01 1.67372263e-01 1.00280468e-01\n",
      "  3.12565203e-01]\n",
      " [2.46607880e-01 5.30743497e-02 2.89109769e-01 2.37427926e-01\n",
      "  1.73780075e-01]\n",
      " [2.88252059e-01 1.53075214e-01 1.47836506e-01 2.46816488e-01\n",
      "  1.64019732e-01]\n",
      " [1.22934067e-01 1.47331523e-02 4.30506962e-01 1.70237840e-01\n",
      "  2.61587980e-01]\n",
      " [2.35895837e-01 1.17577087e-02 3.79658838e-02 6.94313114e-01\n",
      "  2.00674558e-02]\n",
      " [1.57804517e-01 2.36115864e-01 1.39200403e-01 2.28962246e-01\n",
      "  2.37916971e-01]\n",
      " [2.80155129e-01 1.67172648e-02 4.44110768e-01 4.35395303e-02\n",
      "  2.15477308e-01]\n",
      " [3.68612200e-01 2.45018138e-01 1.15252191e-01 1.79586838e-01\n",
      "  9.15306324e-02]\n",
      " [1.57609576e-01 3.79606345e-02 1.70096125e-01 2.17296338e-01\n",
      "  4.17037327e-01]\n",
      " [9.41450423e-02 2.26803926e-01 1.76418147e-01 3.34772027e-01\n",
      "  1.67860858e-01]\n",
      " [1.20183265e-01 5.11440072e-01 2.71679115e-01 9.27534098e-02\n",
      "  3.94413789e-03]\n",
      " [4.62408502e-02 3.61878151e-01 2.86658131e-01 2.59167224e-01\n",
      "  4.60556439e-02]\n",
      " [3.12159804e-01 1.10111984e-01 6.82721213e-02 2.94283584e-01\n",
      "  2.15172507e-01]\n",
      " [2.61688331e-01 1.35692106e-01 1.73135294e-01 2.18357674e-01\n",
      "  2.11126594e-01]\n",
      " [2.23586690e-01 1.38498718e-01 3.09858435e-01 1.48104062e-01\n",
      "  1.79952096e-01]\n",
      " [3.88819618e-01 2.78334104e-01 4.67995986e-02 1.63399981e-01\n",
      "  1.22646699e-01]\n",
      " [2.30388910e-01 2.97593338e-01 8.32484483e-02 7.29421287e-02\n",
      "  3.15827175e-01]\n",
      " [2.31904394e-01 3.04405230e-01 7.05085343e-02 2.47034718e-01\n",
      "  1.46147124e-01]\n",
      " [2.77496049e-01 5.79331166e-02 2.92186701e-01 4.04646811e-02\n",
      "  3.31919452e-01]\n",
      " [2.37126542e-02 4.70833858e-01 1.52662164e-01 3.30560780e-01\n",
      "  2.22305433e-02]\n",
      " [2.38264089e-01 1.37807380e-02 4.44637406e-01 1.63909690e-01\n",
      "  1.39408078e-01]\n",
      " [1.46901826e-01 9.94784043e-03 3.88555013e-01 3.69257045e-01\n",
      "  8.53382750e-02]\n",
      " [3.50184177e-01 5.61550124e-02 6.63438490e-02 1.88288863e-01\n",
      "  3.39028099e-01]\n",
      " [1.91563002e-01 1.74824544e-01 1.19325599e-01 2.80876505e-01\n",
      "  2.33410349e-01]\n",
      " [2.49035875e-01 2.55592932e-01 2.17293362e-01 1.28938800e-01\n",
      "  1.49139031e-01]\n",
      " [1.74922763e-01 1.08837423e-01 2.84396361e-01 4.36074067e-02\n",
      "  3.88236047e-01]\n",
      " [2.51046144e-01 1.26033836e-01 2.85202641e-01 7.29142506e-02\n",
      "  2.64803129e-01]\n",
      " [1.19357236e-02 2.70486344e-01 1.86668616e-01 1.72526299e-01\n",
      "  3.58383016e-01]\n",
      " [3.82421375e-01 2.54582149e-02 1.94777056e-01 2.56682388e-01\n",
      "  1.40660966e-01]\n",
      " [6.63879644e-02 5.65071932e-02 3.29353865e-01 2.03692053e-01\n",
      "  3.44058924e-01]\n",
      " [2.32171079e-01 5.13850300e-01 1.47714181e-01 9.39162083e-02\n",
      "  1.23482320e-02]\n",
      " [1.78648864e-01 9.74227393e-02 2.60787771e-01 2.00211935e-01\n",
      "  2.62928691e-01]\n",
      " [1.70182250e-01 1.15762543e-01 1.87762260e-01 2.30217812e-01\n",
      "  2.96075134e-01]\n",
      " [2.71219923e-01 2.74647323e-01 6.40303034e-02 2.54247744e-01\n",
      "  1.35854707e-01]\n",
      " [5.73127889e-02 1.89708420e-01 3.77023554e-01 1.99283510e-01\n",
      "  1.76671726e-01]\n",
      " [1.06647488e-01 7.83936832e-02 5.13025077e-01 2.38025687e-01\n",
      "  6.39080643e-02]\n",
      " [3.03263377e-01 1.13332500e-01 2.62180388e-01 1.45275552e-01\n",
      "  1.75948183e-01]\n",
      " [4.41033680e-01 1.05836321e-01 3.19010149e-01 2.78839254e-02\n",
      "  1.06235925e-01]\n",
      " [3.16716634e-01 3.17196478e-01 1.11517765e-01 1.82740843e-01\n",
      "  7.18282807e-02]\n",
      " [2.60253197e-01 8.91670348e-02 2.81916895e-01 1.82187680e-01\n",
      "  1.86475193e-01]\n",
      " [4.30121772e-01 3.84632866e-01 3.23922580e-02 4.44569664e-02\n",
      "  1.08396137e-01]\n",
      " [3.52018513e-01 1.16795915e-01 2.34325523e-01 2.77634509e-01\n",
      "  1.92255397e-02]\n",
      " [2.49002190e-01 2.48566090e-01 1.39250324e-01 2.81023901e-01\n",
      "  8.21574959e-02]\n",
      " [4.26816455e-02 2.24999910e-01 2.42400076e-01 3.52674413e-01\n",
      "  1.37243956e-01]\n",
      " [1.60433545e-01 3.30068201e-01 2.62830058e-01 2.46584596e-01\n",
      "  8.36011238e-05]\n",
      " [2.12498552e-01 2.26191634e-01 2.73850052e-01 1.32676582e-01\n",
      "  1.54783179e-01]\n",
      " [5.69958310e-02 1.18240513e-01 4.98497658e-01 8.23496430e-02\n",
      "  2.43916355e-01]\n",
      " [1.21990118e-01 2.37046916e-01 5.22233685e-02 4.04881266e-01\n",
      "  1.83858332e-01]\n",
      " [1.94929909e-01 2.07400093e-01 3.07667127e-01 2.11241524e-01\n",
      "  7.87613472e-02]\n",
      " [2.78984071e-01 1.91413694e-01 2.12282680e-01 2.14810500e-01\n",
      "  1.02509055e-01]\n",
      " [2.75728255e-01 1.77501128e-01 2.52067685e-02 2.61100585e-01\n",
      "  2.60463264e-01]\n",
      " [2.86157125e-01 3.71660159e-01 9.01079386e-03 5.20827244e-03\n",
      "  3.27963650e-01]\n",
      " [7.13839421e-02 3.10244323e-01 6.38069986e-02 3.24463740e-01\n",
      "  2.30100996e-01]\n",
      " [1.67959896e-02 5.01109274e-02 1.37171164e-01 3.82080574e-01\n",
      "  4.13841344e-01]\n",
      " [2.89698020e-01 1.63412075e-01 2.36036570e-01 1.17092818e-01\n",
      "  1.93760518e-01]\n",
      " [1.45189361e-01 2.45145363e-01 2.54861196e-01 8.97916857e-02\n",
      "  2.65012395e-01]\n",
      " [9.20829632e-02 2.91492586e-01 4.56199850e-02 3.48205718e-01\n",
      "  2.22598748e-01]\n",
      " [2.26772304e-02 3.97781151e-01 2.51139348e-01 2.37644606e-01\n",
      "  9.07576637e-02]\n",
      " [1.43100965e-01 1.69251518e-01 3.98768888e-01 1.25806901e-01\n",
      "  1.63071727e-01]\n",
      " [2.41822012e-01 2.91249144e-01 5.48391098e-02 9.60020424e-03\n",
      "  4.02489530e-01]\n",
      " [1.54147925e-01 3.73181722e-01 5.97098267e-02 1.30930747e-01\n",
      "  2.82029779e-01]\n",
      " [2.50089400e-01 8.38059831e-02 1.92003061e-01 1.99153252e-01\n",
      "  2.74948304e-01]\n",
      " [5.13819612e-02 3.32902316e-02 8.89130443e-02 3.11947003e-01\n",
      "  5.14467759e-01]\n",
      " [3.95608079e-02 4.83960841e-01 1.91807436e-01 2.50045307e-01\n",
      "  3.46256075e-02]\n",
      " [3.01659644e-01 2.34390197e-01 9.17825925e-02 2.20426145e-01\n",
      "  1.51741423e-01]]\n"
     ]
    }
   ],
   "source": [
    "# кол-во акций\n",
    "n=5\n",
    "\n",
    "# базовая популяция (кол-во шагов)\n",
    "pop_size=100 \n",
    "\n",
    "population = np.array([chromosome(n) for _ in range(pop_size)])\n",
    "print(population.shape)\n",
    "print(population)"
   ]
  },
  {
   "cell_type": "markdown",
   "metadata": {},
   "source": [
    "### **Функция обучения**"
   ]
  },
  {
   "cell_type": "markdown",
   "metadata": {},
   "source": [
    " #### Расчет параметров проверки\n",
    " \n",
    " - mean\n",
    " - std\n",
    " - cov"
   ]
  },
  {
   "cell_type": "code",
   "execution_count": 372,
   "metadata": {},
   "outputs": [
    {
     "name": "stdout",
     "output_type": "stream",
     "text": [
